16913.665700000038
4806.961099999983
0.0
22050.95890000004
7234.163899999941
9880.041800000063
0.0
9669.627400000143
0.0
0.0
6647.364400000036
6666.842300000014
0.0
3348.789000000099
1772.765699999943
9837.589299999947
4582.519699999915
494.34019999999526
9287.889400000096
8288.228299999864
0.0
0.0
0.0
4692.085800000066
10044.351899999645
1513.3119000000224
0.0
0.0
3653.3729000000344
0.0
0.0
9699.567700000041
13294.456600000083
4430.2211999999245
8450.285199999887
12101.354399999118
0.0
0.0
0.0
9024.605599999933
6920.712999999891
9979.853699999498
14067.516500000105
3662.310600000311
12900.428200000022
0.0
5013.440799999815
0.0
0.0
15231.34540000012
4769.592799999996
5778.407399999881
4331.222400000126
24620.155399999076
719.4570000000084
0.0
0.0
0.0
10043.490099999826
0.0
5451.767000000016
18305.99369999973
0.0
11979.770199999899
0.0
4981.408799999777
9051.886399999614
0.0
3105.946399999935
0.0
7237.366299999994
0.0
0.0
0.0
13412.984600000145
2418.993300000033
11851.99560000009
0.0
7761.511300000164
0.0
0.0
0.0
0.0
576.0699999999944
0.0
0.0
4425.846699999973
9842.67109999994
0.0
0.0
7471.020699999964
0.0
0.0
0.0
0.0
0.0
8714.778699999957
0.0
0.0
4674.933899999991
3501.6086999999357
2947.112200000012
0.0
0.0
0.0
0.0
0.0
7581.549400000012
0.0
3865.303399999918
0.0
6062.94429999989
0.0
6462.037300000045
4109.690099999991
7998.274000000079
0.0
3427.482000000045
0.0
0.0
7643.327900000032
0.0
0.0
5851.771699999944
0.0
5143.561900000022
3128.5744000001973
817.5267999999862
8404.89129999991
0.0
8666.172699999963
0.0
2553.013600000026
0.0
2032.7000999999932
0.0
0.0
4759.691100000069
15165.187000000273
16249.680599999816
0.0
19976.885199999924
46712.927199997575
4221.574499999869
4424.312899999996
0.0
2555.5133000000314
1905.4086999999756
0.0
0.0
0.0
3211.625099999981
0.0
0.0
0.0
0.0
9505.943900000048
7484.186499999953
11253.390899999968
0.0
869.8509000000068
7573.361199999938
0.0
0.0
0.0
3054.2060999999394
0.0
23158.689000000002
0.0
0.0
0.0
6700.124399999671
0.0
0.0
6293.2356999998365
4996.282399999933
9436.09839999998
0.0
6406.4083999998975
0.0
4717.982700000095
4236.99009999999
0.0
0.0
1360.0102999999917
0.0
1589.667600000018
0.0
0.0
7151.571499999919
0.0
5567.714500000001
7063.591600000086
26331.749900000013
0.0
0.0
0.0
1521.7958999999803
3876.1509999999475
0.0
0.0
23776.858099999135
0.0
9618.14089999932
0.0
1936.189200000021
5260.005699999984
1918.6063999999353
21745.960099999556
11318.339000000014
0.0
6351.050500000071
0.0
0.0
0.0
10591.13479999993
0.0
0.0
7293.6020999998
0.0
14148.430399999914
6531.499900000035
1734.4900999999516
0.0
0.0
701.5991
12745.444000000336
2011.4765999999995
0.0
5097.905600000031
5345.95499999991
2477.7601999999943
0.0
688.8836999999992
5628.348600000028
10126.619399999965
9110.957599999458
1825.588099999996
0.0
9604.553099999943
14602.109199999992
11849.115099999975
3858.155099999953
6902.153099999937
17361.660400000717
0.0
0.0
9845.481700000128
0.0
0.0
13723.603299999832
0.0
0.0
8130.0292999998765
0.0
4660.755199999974
0.0
0.0
0.0
0.0
0.0
4015.167899999957
2766.568199999954
5353.061899999881
0.0
0.0
7035.890500000084
0.0
3624.9961999999687
6170.660999999994
0.0
6558.768400000037
0.0
0.0
10456.966499999859
0.0
8237.336099999931
2953.1008999998467
0.0
15101.411300000142
